time,right_j0,right_j1,right_j2,right_j3,right_j4,right_j5,right_j6,right_gripper
0.343914,-0.717983398438,-0.349553710937,-2.6960078125,-1.54444238281,-0.564852539062,-2.19359375,-1.28000683594,0.0406997303571
0.344113,-0.717983398438,-0.349553710937,-2.6960078125,-1.54444238281,-0.564852539062,-2.19359375,-1.28000683594,0.0406997303571
0.354377,-0.717983398438,-0.349553710937,-2.6960078125,-1.54444238281,-0.564852539062,-2.19359375,-1.28000683594,0.0406997303571
0.364444,-0.717983398438,-0.349553710937,-2.6960078125,-1.54444238281,-0.564852539062,-2.19359375,-1.28000683594,0.0406997303571
0.374410,-0.717983398438,-0.349553710937,-2.6960078125,-1.54444238281,-0.564852539062,-2.19359375,-1.28000683594,0.0406997303571
0.384519,-0.717983398438,-0.349553710937,-2.6960078125,-1.54444238281,-0.564852539062,-2.19359375,-1.28000683594,0.0406997303571
0.394396,-0.717983398438,-0.349553710937,-2.6960078125,-1.54444238281,-0.564852539062,-2.19359375,-1.28000683594,0.0406997303571
0.404457,-0.717983398438,-0.349553710937,-2.6960078125,-1.54444238281,-0.564852539062,-2.19359375,-1.28000683594,0.0406997303571
0.414415,-0.717983398438,-0.349553710937,-2.6960078125,-1.54444238281,-0.564852539062,-2.19359375,-1.28000683594,0.0406997303571
0.424371,-0.717983398438,-0.349553710937,-2.6960078125,-1.54444238281,-0.564852539062,-2.19359375,-1.28000683594,0.0406997303571
0.434339,-0.717983398438,-0.349553710937,-2.6960078125,-1.54444238281,-0.564852539062,-2.19359375,-1.28000683594,0.0406997303571
0.444344,-0.717983398438,-0.349553710937,-2.6960078125,-1.54444238281,-0.564852539062,-2.19359375,-1.28000683594,0.0406997303571
0.454389,-0.717983398438,-0.349553710937,-2.6960078125,-1.54444238281,-0.564852539062,-2.19359375,-1.28000683594,0.0406997303571
0.464389,-0.717983398438,-0.349553710937,-2.6960078125,-1.54444238281,-0.564852539062,-2.19359375,-1.28000683594,0.0406997303571
0.474342,-0.717983398438,-0.349553710937,-2.6960078125,-1.54444238281,-0.564852539062,-2.19359375,-1.28000683594,0.0406997303571
0.484346,-0.717983398438,-0.349553710937,-2.6960078125,-1.54444238281,-0.564852539062,-2.19359375,-1.28000683594,0.0406997303571
0.494431,-0.717983398438,-0.349553710937,-2.6960078125,-1.54444238281,-0.564852539062,-2.19359375,-1.28000683594,0.0406997303571
0.504520,-0.717983398438,-0.349553710937,-2.6960078125,-1.54444238281,-0.564852539062,-2.19359375,-1.28000683594,0.0406997303571
0.514486,-0.717983398438,-0.349553710937,-2.6960078125,-1.54444238281,-0.564852539062,-2.19359375,-1.28000683594,0.0406997303571
0.524367,-0.717983398438,-0.349553710937,-2.6960078125,-1.54444238281,-0.564852539062,-2.19359375,-1.28000683594,0.0406997303571
0.534454,-0.717983398438,-0.349553710937,-2.6960078125,-1.54444238281,-0.564852539062,-2.19359375,-1.28000683594,0.0406997303571
0.544467,-0.717983398438,-0.349553710937,-2.6960078125,-1.54444238281,-0.564852539062,-2.19359375,-1.28000683594,0.0406997303571
0.554353,-0.717983398438,-0.349553710937,-2.6960078125,-1.54444238281,-0.564852539062,-2.19359375,-1.28000683594,0.0406997303571
0.564451,-0.717983398438,-0.349553710937,-2.6960078125,-1.54444238281,-0.564852539062,-2.19359375,-1.28000683594,0.0406997303571
0.574334,-0.717983398438,-0.349553710937,-2.6960078125,-1.54444238281,-0.564852539062,-2.19359375,-1.28000683594,0.0406997303571
0.584437,-0.717983398438,-0.349553710937,-2.6960078125,-1.54444238281,-0.564852539062,-2.19359375,-1.28000683594,0.0406997303571
0.594423,-0.717983398438,-0.349553710937,-2.6960078125,-1.54444238281,-0.564852539062,-2.19359375,-1.28000683594,0.0406997303571
0.604805,-0.717983398438,-0.349553710937,-2.6960078125,-1.54444238281,-0.564852539062,-2.19359375,-1.28000683594,0.0406997303571
0.614424,-0.717983398438,-0.349553710937,-2.6960078125,-1.54444238281,-0.564852539062,-2.19359375,-1.28000683594,0.0406997303571
0.624344,-0.717983398438,-0.349553710937,-2.6960078125,-1.54444238281,-0.564852539062,-2.19359375,-1.28000683594,0.0406997303571
0.634430,-0.717983398438,-0.349553710937,-2.6960078125,-1.54444238281,-0.564852539062,-2.19359375,-1.28000683594,0.0406997303571
0.644360,-0.717983398438,-0.349553710937,-2.6960078125,-1.54444238281,-0.564852539062,-2.19359375,-1.28000683594,0.0406997303571
0.654455,-0.717983398438,-0.349553710937,-2.6960078125,-1.54444238281,-0.564852539062,-2.19359375,-1.28000683594,0.0406997303571
0.664370,-0.717983398438,-0.349553710937,-2.6960078125,-1.54444238281,-0.564852539062,-2.19359375,-1.28000683594,0.0406997303571
0.674410,-0.717983398438,-0.349553710937,-2.6960078125,-1.54444238281,-0.564852539062,-2.19359375,-1.28000683594,0.0406997303571
0.684422,-0.717983398438,-0.349553710937,-2.6960078125,-1.54444238281,-0.564852539062,-2.19359375,-1.28000683594,0.0406997303571
0.694432,-0.717983398438,-0.349553710937,-2.6960078125,-1.54444238281,-0.564852539062,-2.19359375,-1.28000683594,0.0406997303571
0.704467,-0.717983398438,-0.349553710937,-2.6960078125,-1.54444238281,-0.564852539062,-2.19359375,-1.28000683594,0.0406997303571
0.714452,-0.717983398438,-0.349553710937,-2.6960078125,-1.54444238281,-0.564852539062,-2.19359375,-1.28000683594,0.0406997303571
0.724523,-0.717983398438,-0.349553710937,-2.6960078125,-1.54444238281,-0.564852539062,-2.19359375,-1.28000683594,0.0406997303571
0.734464,-0.717983398438,-0.349553710937,-2.6960078125,-1.54444238281,-0.564852539062,-2.19359375,-1.28000683594,0.0406997303571
0.744479,-0.717983398438,-0.349553710937,-2.6960078125,-1.54444238281,-0.564852539062,-2.19359375,-1.28000683594,0.0406997303571
0.754396,-0.717983398438,-0.349553710937,-2.6960078125,-1.54444238281,-0.564852539062,-2.19359375,-1.28000683594,0.0406997303571
0.764434,-0.717983398438,-0.349553710937,-2.6960078125,-1.54444238281,-0.564852539062,-2.19359375,-1.28000683594,0.0406997303571
0.774442,-0.717983398438,-0.349553710937,-2.6960078125,-1.54444238281,-0.564852539062,-2.19359375,-1.28000683594,0.0406997303571
0.784453,-0.717983398438,-0.349553710937,-2.6960078125,-1.54444238281,-0.564852539062,-2.19359375,-1.28000683594,0.0406997303571
0.794335,-0.717983398438,-0.349553710937,-2.6960078125,-1.54444238281,-0.564852539062,-2.19359375,-1.28000683594,0.0406997303571
0.804433,-0.717983398438,-0.349553710937,-2.6960078125,-1.54444238281,-0.564852539062,-2.19359375,-1.28000683594,0.0406997303571
0.814332,-0.717983398438,-0.349553710937,-2.6960078125,-1.54444238281,-0.564852539062,-2.19359375,-1.28000683594,0.0406997303571
0.824420,-0.717983398438,-0.349553710937,-2.6960078125,-1.54444238281,-0.564852539062,-2.19359375,-1.28000683594,0.0406997303571
0.834330,-0.717983398438,-0.349553710937,-2.6960078125,-1.54444238281,-0.564852539062,-2.19359375,-1.28000683594,0.0406997303571
0.844290,-0.717983398438,-0.349553710937,-2.6960078125,-1.54444238281,-0.564852539062,-2.19359375,-1.28000683594,0.0406997303571
0.854410,-0.717983398438,-0.349553710937,-2.6960078125,-1.54444238281,-0.564852539062,-2.19359375,-1.28000683594,0.0406997303571
0.864414,-0.717983398438,-0.349553710937,-2.6960078125,-1.54444238281,-0.564852539062,-2.19359375,-1.28000683594,0.0406997303571
0.874328,-0.717983398438,-0.349553710937,-2.6960078125,-1.54444238281,-0.564852539062,-2.19359375,-1.28000683594,0.0406997303571
0.884369,-0.717983398438,-0.349553710937,-2.6960078125,-1.54444238281,-0.564852539062,-2.19359375,-1.28000683594,0.0406997303571
0.894427,-0.717983398438,-0.349553710937,-2.6960078125,-1.54444238281,-0.564852539062,-2.19359375,-1.28000683594,0.0406997303571
0.904542,-0.717983398438,-0.349553710937,-2.6960078125,-1.54444238281,-0.564852539062,-2.19359375,-1.28000683594,0.0406997303571
0.914534,-0.717983398438,-0.349553710937,-2.6960078125,-1.54444238281,-0.564852539062,-2.19359375,-1.28000683594,0.0406997303571
0.924457,-0.717983398438,-0.349553710937,-2.6960078125,-1.54444238281,-0.564852539062,-2.19359375,-1.28000683594,0.0406997303571
0.934468,-0.717983398438,-0.349553710937,-2.6960078125,-1.54444238281,-0.564852539062,-2.19359375,-1.28000683594,0.0406997303571
0.944340,-0.717983398438,-0.349553710937,-2.6960078125,-1.54444238281,-0.564852539062,-2.19359375,-1.28000683594,0.0406997303571
0.954343,-0.717983398438,-0.349553710937,-2.6960078125,-1.54444238281,-0.564852539062,-2.19359375,-1.28000683594,0.0406997303571
0.964372,-0.717983398438,-0.349553710937,-2.6960078125,-1.54444238281,-0.564852539062,-2.19359375,-1.28000683594,0.0406997303571
0.974427,-0.717983398438,-0.349553710937,-2.6960078125,-1.54444238281,-0.564852539062,-2.19359375,-1.28000683594,0.0406997303571
0.984320,-0.717983398438,-0.349553710937,-2.6960078125,-1.54444238281,-0.564852539062,-2.19359375,-1.28000683594,0.0406997303571
0.994429,-0.717983398438,-0.349553710937,-2.6960078125,-1.54444238281,-0.564852539062,-2.19359375,-1.28000683594,0.0406997303571
1.004715,-0.717983398438,-0.349553710937,-2.6960078125,-1.54444238281,-0.564852539062,-2.19359375,-1.28000683594,0.0406997303571
1.014347,-0.717983398438,-0.349553710937,-2.6960078125,-1.54444238281,-0.564852539062,-2.19359375,-1.28000683594,0.0406997303571
1.024425,-0.717983398438,-0.349553710937,-2.6960078125,-1.54444238281,-0.564852539062,-2.19359375,-1.28000683594,0.0406997303571
1.034443,-0.717983398438,-0.349553710937,-2.6960078125,-1.54444238281,-0.564852539062,-2.19359375,-1.28000683594,0.0406997303571
1.044470,-0.717983398438,-0.349553710937,-2.6960078125,-1.54444238281,-0.564852539062,-2.19359375,-1.28000683594,0.0406997303571
1.054468,-0.717983398438,-0.349553710937,-2.6960078125,-1.54444238281,-0.564852539062,-2.19359375,-1.28000683594,0.0406997303571
1.064518,-0.717983398438,-0.349553710937,-2.6960078125,-1.54444238281,-0.564852539062,-2.19359375,-1.28000683594,0.0406997303571
1.074799,-0.717983398438,-0.349553710937,-2.6960078125,-1.54444238281,-0.564852539062,-2.19359375,-1.28000683594,0.0406997303571
1.084454,-0.717983398438,-0.349553710937,-2.6960078125,-1.54444238281,-0.564852539062,-2.19359375,-1.28000683594,0.0406997303571
1.094495,-0.717983398438,-0.349553710937,-2.6960078125,-1.54444238281,-0.564852539062,-2.19359375,-1.28000683594,0.0406997303571
1.104591,-0.717983398438,-0.349553710937,-2.6960078125,-1.54444238281,-0.564852539062,-2.19359375,-1.28000683594,0.0406997303571
1.114460,-0.717983398438,-0.349553710937,-2.6960078125,-1.54444238281,-0.564852539062,-2.19359375,-1.28000683594,0.0406997303571
1.124444,-0.717983398438,-0.349553710937,-2.6960078125,-1.54444238281,-0.564852539062,-2.19359375,-1.28000683594,0.0406997303571
1.134334,-0.717983398438,-0.349553710937,-2.6960078125,-1.54444238281,-0.564852539062,-2.19359375,-1.28000683594,0.0406997303571
1.144440,-0.717983398438,-0.349553710937,-2.6960078125,-1.54444238281,-0.564852539062,-2.19359375,-1.28000683594,0.0406997303571
1.154438,-0.717983398438,-0.349553710937,-2.6960078125,-1.54444238281,-0.564852539062,-2.19359375,-1.28000683594,0.0406997303571
1.164419,-0.717983398438,-0.349553710937,-2.6960078125,-1.54444238281,-0.564852539062,-2.19359375,-1.28000683594,0.0406997303571
1.174305,-0.717983398438,-0.349553710937,-2.6960078125,-1.54444238281,-0.564852539062,-2.19359375,-1.28000683594,0.0406997303571
1.184342,-0.717983398438,-0.349553710937,-2.6960078125,-1.54444238281,-0.564852539062,-2.19359375,-1.28000683594,0.0406997303571
1.194450,-0.717983398438,-0.349553710937,-2.6960078125,-1.54444238281,-0.564852539062,-2.19359375,-1.28000683594,0.0406997303571
1.204467,-0.717983398438,-0.349553710937,-2.6960078125,-1.54444238281,-0.564852539062,-2.19359375,-1.28000683594,0.0406997303571
1.214321,-0.717983398438,-0.349553710937,-2.6960078125,-1.54444238281,-0.564852539062,-2.19359375,-1.28000683594,0.0406997303571
1.224417,-0.717983398438,-0.349553710937,-2.6960078125,-1.54444238281,-0.564852539062,-2.19359375,-1.28000683594,0.0406997303571
1.234406,-0.717983398438,-0.349553710937,-2.6960078125,-1.54444238281,-0.564852539062,-2.19359375,-1.28000683594,0.0406997303571
1.244411,-0.717983398438,-0.349553710937,-2.6960078125,-1.54444238281,-0.564852539062,-2.19359375,-1.28000683594,0.0406997303571
1.254303,-0.717983398438,-0.349553710937,-2.6960078125,-1.54444238281,-0.564852539062,-2.19359375,-1.28000683594,0.0406997303571
1.264501,-0.717983398438,-0.349553710937,-2.6960078125,-1.54444238281,-0.564852539062,-2.19359375,-1.28000683594,0.0406997303571
1.274342,-0.717983398438,-0.349553710937,-2.6960078125,-1.54444238281,-0.564852539062,-2.19359375,-1.28000683594,0.0406997303571
1.284570,-0.717983398438,-0.349553710937,-2.6960078125,-1.54444238281,-0.564852539062,-2.19359375,-1.28000683594,0.0406997303571
1.294359,-0.717983398438,-0.349553710937,-2.6960078125,-1.54444238281,-0.564852539062,-2.19359375,-1.28000683594,0.0406997303571
1.304316,-0.717983398438,-0.349553710937,-2.6960078125,-1.54444238281,-0.564852539062,-2.19359375,-1.28000683594,0.0406997303571
1.314481,-0.717983398438,-0.349553710937,-2.6960078125,-1.54444238281,-0.564852539062,-2.19359375,-1.28000683594,0.0406997303571
1.324344,-0.717983398438,-0.349553710937,-2.6960078125,-1.54444238281,-0.564852539062,-2.19359375,-1.28000683594,0.0406997303571
1.334441,-0.717983398438,-0.349553710937,-2.6960078125,-1.54444238281,-0.564852539062,-2.19359375,-1.28000683594,0.0406997303571
1.344414,-0.717983398438,-0.349553710937,-2.6960078125,-1.54444238281,-0.564852539062,-2.19359375,-1.28000683594,0.0406997303571
1.354304,-0.717983398438,-0.349553710937,-2.6960078125,-1.54444238281,-0.564852539062,-2.19359375,-1.28000683594,0.0406997303571
1.364324,-0.717983398438,-0.349553710937,-2.6960078125,-1.54444238281,-0.564852539062,-2.19359375,-1.28000683594,0.0406997303571
1.374372,-0.717983398438,-0.349553710937,-2.6960078125,-1.54444238281,-0.564852539062,-2.19359375,-1.28000683594,0.0406997303571
1.384360,-0.717983398438,-0.349553710937,-2.6960078125,-1.54444238281,-0.564852539062,-2.19359375,-1.28000683594,0.0406997303571
1.394351,-0.717983398438,-0.349553710937,-2.6960078125,-1.54444238281,-0.564852539062,-2.19359375,-1.28000683594,0.0406997303571
1.404411,-0.717983398438,-0.349553710937,-2.6960078125,-1.54444238281,-0.564852539062,-2.19359375,-1.28000683594,0.0406997303571
1.414330,-0.717983398438,-0.349553710937,-2.6960078125,-1.54444238281,-0.564852539062,-2.19359375,-1.28000683594,0.0406997303571
1.424331,-0.717983398438,-0.349553710937,-2.6960078125,-1.54444238281,-0.564852539062,-2.19359375,-1.28000683594,0.0406997303571
1.434323,-0.717983398438,-0.349553710937,-2.6960078125,-1.54444238281,-0.564852539062,-2.19359375,-1.28000683594,0.0406997303571
1.444255,-0.717983398438,-0.349553710937,-2.6960078125,-1.54444238281,-0.564852539062,-2.19359375,-1.28000683594,0.0406997303571
1.454146,-0.717983398438,-0.349553710937,-2.6960078125,-1.54444238281,-0.564852539062,-2.19359375,-1.28000683594,0.0406997303571
1.464247,-0.717983398438,-0.349553710937,-2.6960078125,-1.54444238281,-0.564852539062,-2.19359375,-1.28000683594,0.0406997303571
1.474412,-0.717983398438,-0.349553710937,-2.6960078125,-1.54444238281,-0.564852539062,-2.19359375,-1.28000683594,0.0406997303571
1.484417,-0.717983398438,-0.349553710937,-2.6960078125,-1.54444238281,-0.564852539062,-2.19359375,-1.28000683594,0.0406997303571
1.494424,-0.717983398438,-0.349553710937,-2.6960078125,-1.54444238281,-0.564852539062,-2.19359375,-1.28000683594,0.0406997303571
1.504384,-0.717983398438,-0.349553710937,-2.6960078125,-1.54444238281,-0.564852539062,-2.19359375,-1.28000683594,0.0406997303571
1.514374,-0.717983398438,-0.349553710937,-2.6960078125,-1.54444238281,-0.564852539062,-2.19359375,-1.28000683594,0.0406997303571
1.524343,-0.717983398438,-0.349553710937,-2.6960078125,-1.54444238281,-0.564852539062,-2.19359375,-1.28000683594,0.0406997303571
